$ANSIBLE_VAULT;1.1;AES256
34653361643136653566623436653530303333343734653061376339356236636434333231356333
6433323464636537336330366630343266356536313662370a313765363030633461383439366665
34636333633962353235663065306437353136393465643833353363336333616132643939613063
6335386161373165610a393766386236356337306366386162396261326662383565626662663736
66646438653538396566393063336165363438363135633964656463353433353234323666323634
33326234383265393132306364313065383861653335363833346130663434333034376134363163
64373438636136653032363566313335313962666233393365633561386565303863393939333437
61353431383338633634646639303034643966393964386430636334333839633532663365643262
39303630373066393433346262666533383666643436363265396166366234666634333430323734
64393739636334356138346233323633386663656135383763303234313266396537313031363439
64613264366233336236353262313338613263626233383662343736323163373432613830336238
63373063323237643931386464306333303062323332396662336365336461646339633039376131
35306130383238393231323063666534626438643035643335616430636663363466663137343730
35356666353564383064653336373464313162326466613762616366333036396462333465333238
63333832623464366239316433323365613638316231333435626564323336646330343939656231
63636466616561306631316434333431333563313163373930346432663962663133633266386531
32386335326537623865383634316533313130306431306561366530613131373734613936656134
31346331353639363065363539336131633866623964343865633934333463613064656464373339
34666635386136623130643961336661633562353763393966306661633530363662613839616562
36323466306566643731643637366336373463353862386665346163623235346139366535626239
35336635316439653363373538316634383838313634336536623334646466643263623965303466
62323839643263646539306635366138386164323431326334353466656331366130613964653332
38363937363239336435383361366166306362653731653261306662623535643065333734663165
35366135393835313030646631396536663535393761313535393865353738346666633530366164
31383034613165616139323761393830616339343435633030353232346562386235623734353130
32346334353962303161386132646239353762353666343539386631373564656237653065656461
38393030383737393166363866633839306233633764646563386436613263383165396166313035
35373163613837336336373034303966333637363636376465643437653766656539626538333064
63636461613135666365326435393063353565326465663065616662353138303964646332653464
30333165353337323930303362633866316465313061336334336264643763356530316561633239
36393234656536393465613237376466306234353731633338313264336237653737626366633261
63663064343539653037643736303236623439653264623135656635303731636233396461653964
63653766306332333633363566306663616561393435643532623833373630343139343833666461
61356430383039333162313963356531343466353134383735623432373564303264363231633262
31396537333139326464333761396636636461623437666433666331663439653131656333663635
61366630386231336236363930366362396439346335363566643166626132636138343333366434
63653863393732383765376138303162366435613839316365383635326138643535653435353638
35393464626361313666313831306464313563343933373438313837643039613132343366356439
34353234616564633139323033626565613432616334316365376461313436383065366539626366
65313338633938306666313332646134366263386162313964663530373264383861333535366339
63343861633561643365373830663635373236373561323266626630313233376239303361613734
63393632306339386537313631366633313237643632623731653938663163376464393164393466
34633534323630386366623833366635393730383435633536353963626365633364323533623535
65373936333461636162633133623332356638653339663464613565623336353338376137366463
65373836306163313261326238353532303163373562623038643430306437346466633234613137
32633863373330646531393462303532373164623362346237343734363166613939666239353631
66633434353364613861326564343432383935626138393165666636663832323764306335636339
33343363366364343535613861653132303663656661643833613433633036356163393264363130
36376464616238633935366332663836333563616365353862643131333733663065383135373337
35373939633032323539333061663636326661303934346666623338356630333961366539356138
63666664313038666164646535653663303862326561653163623961353037303834393931373063
65373661336631653636616562373165663863323266366465313965663862613432356533376162
65316137653166633739336437666163633437316335303639393036363232353063333562336133
36323637313932313734393162373664663835666334303132393336626365653566653131373564
61663665393938633464633961383865373537306137653766663330306336633430383534333965
32303561333539633765346163643363376164663331373765383030336563346263626339366232
35343539616465333831626436653637633736663033386538366133366666333437383836353061
62326436326338386163383034363932666463363731396365316338336361313265643630666565
63613936656133383461386161633165333339373065383637363637326335376232313439383238
65386534373262343566336230383033393565333535333238633466393361333031353939353661
33303234653233396531393232613536333662306366373739643132383238616663376664336434
37306636636532613338393234363335323761656135353265316532333161663033386564636138
37646530323235613264663139303366373264653366616230333138363164663436613630313164
37316232376334393136366362616239306130653562623361393963366533623663643738353236
37373533646563316239356236306466333234323664393962356563393564323036343936646338
38386533306534633238396432666461626233393739333361656230343837336265326563656433
34303638626435633435373130656362363032333531333763626636373233633162346663326230
37313264373461316139313535646337656462376262366138343035376634346631303431363531
38613634383033613937326530383166326436353336366630356263643234393538643635626235
38626466633236623566643431336431656162386365376431656538383736663463356666343664
65656365353164653132353330363465653666303263396666626434393635363530326637643732
36333661666563366230633032623535616136353636636137333037366538653362346231303834
37333865313166363131383861313536323039323336343861343561636536306436376336363661
31663231363335373536316462633633623966363636636434636363323639313439396537623165
34343238343662623561313933643635643263653163363535303334386633353632316537626635
31373239393638323836353838646238663435626562363734396237303639323735336239653764
33636661346232323163613638383661353230383566386262323364356431626131616438326638
39333961353231323966643834613238366262366632316363626662363061363933323764633732
32626238663732303635663461386439313436616434646238313730383136613138393066326364
39626463346133333832303564616262353030373633353766313037633039623334303433616464
35643839653939363865356463653932616637366639363632646666343434666139323264333034
32323537656630333463633661343063356166326231326661626164346335383836656465303365
65636664343962663966623966633031333165326130373966613135323531306561386466333662
61643937633165323535643463626266636331343136346632613939386564633236633139316539
35646536313638396534623439353263633261313763366264653333363563373933313039636561
66393662363538396538643362303364613437633963356530373661663237393232343732346338
37356533363731303365333636393531626338326162383533653263623430643839376466383830
62643363343666653833653939356234376539366539326232373765356137373436343037643262
61646331323561323536316137366430363064613934303034343564336264666631623563336231
63313435653665306239346565333135643635333262663230613733623739356437323532616361
62633431303630623735613935363337353866313663386266343234376566656531306365306363
64616334303463366637313763363866643464646363646130333734626561626366633430656139
64363165366232396133343734396162373231383533343436363361363435333663666632383538
34323963633364323164356166613230656137316364653665613234343662626433363865666263
63386566393566346131663334343563646435656134306334373434323166396330306238303239
36316565393066373061356332336236616233396635656261393761316261383066366233396164
34623261626238373033326533386334373564333230376135653632616536306162343061333462
32616439663861643237336334366535343262383266333363353937623737623763393362363865
63333038616536656632316537333662343665643536306632303032343631386339383038363661
62333162646664323539356131626533653036633462383738353631313134663137663138376438
62656636623739303161353232343933353163616366306362396662316435616363656535383133
32613730383266396631666539313737623462393035666565353261623239353336646534666635
62363165393037336366316532366238393139356331653037663362616230613664346665323130
32323261623735643931633831373735623864643137653963326330353766303264396437613163
66666131313062363339313730336366346535633231326237323763393463386634643431333766
39616137393830633437633366343130313138653961316138643237363636386135313264656262
33346334616565366632643432306139343164646263383931313330623365303937376137353037
36653338653062363166626232376339366133383563373861303638646363393838626135613735
63313835636163633830303438393465663933626465323130343232386334396430386237333538
66333638323363333665643561366436626333656431633038623632343637356361626162373831
63613937633030346562643536313862386638393839376630333161363665633132333463363163
61336531646130376531646562623230363633363438346433626433613463663136636434626664
31363566333462396338373631313664663836616135356261343463653638663162316436313162
36656262383438323035363861646362303036393265346336653462643638383239333438386131
63343032336538346163303135336233363632613532336438616566336635363633643736316239
64303436396262303430646636386635353133336639346561646464313430386632623562356363
35323761353032373562353865633061383164393533663761613466646236393230336338353365
61306533616332313462663663393132396333653565376261666663316436653936393635363530
66393737633234363366353239366361333733313635383961326233633739326138656331336135
64383362336532353431636661313736626636323065396431306637623233343532323963616635
35343235306262626338646366653663383135316336636666623261353462346565613662323234
66653335373235363738356531663939313065373230383336666633303233333266613534346161
39616639653565373333323962383535656562616433633235303966626466616435623163653230
66303166373764386162623962616464633331333532636239646439636234653534336631336165
31376431653138346561613530386463393139633364343366316231656531656532653038313536
30366637643364663662343034386134616133323363666337616239393363363536366665303735
62613632613934316633333331663937326338396636613563306365616233353539393834393436
37333663373133373864323063393662343164316530623561373164313135346661393165343363
64386532353833356135376533313537306430643766343166643463646166313030623765636333
39393033316436383032386433643633376236363738636332336234313630336262326661336265
39653364626662643437346262306638323534663833643666363934353636643031333665663530
34346364303636306130346339646339656362323461633765623963633638323430326336353330
37643837616636386362363664346232646465326138653734633866636536326432623963343162
34386332623566303261663531396166626534326566663935623438386433373966376162393732
62383433356538353636336163386138653738353735363630313030656430353562303230366630
37366365623734343735623733393934656431326166343561386239663839333561623631313335
62323261613366373437363731623161653936366633663662366564663831643935386237353063
32646164373830326333326537316334323935356334313937316238346264336230373738353865
37353562383335386339346437613562333138383833616532326566323361326563636166653737
33666431663565393338626464373538643666326661356461353636326532313931333139616464
37646234373938623661666538396261353365343566363130363339643334616561613763336661
39306633313232346161383530356165663933626635613933333466663165363538306135653134
62333938313734393930343036396662373130393532656166613931303037333066383366663632
38306531353563326465626466383561323833663838653339623062666330323438623133383034
36393363386233306338323133386336323838303664353737633230663236373033376435306335
38363364613432633335623434376562336566393039646630323136643931373735623163313766
32646433313364373362396366636562633365626333323364646339326431633061656562366132
35323764393634383332353561633230373732366664316338633066316365313436343766316265
39306638646663663438336233326439343337613437313231616333353038313562323132636231
65613036633435656533643136363164326330393532396265376539623533333532323464396335
62373236646534656237663030383037376362393263643134313664393031353431383561396334
36636232646463313431656463373239363033373737393765643839303238636163373933613864
63323130393535353162643938303963313832393832613866646430303131616661623663366133
35623166333339643637323962656634303663663962613564393539313836623962383438323633
38613039616334313633383063303739363235336134613739643439663937333536313333393537
62346164326432353636353232333637373132353965393332353231346537373162356635656634
33303661623765636431353061396239333438333633643834656466393966623233626230663438
30313562633130323737656338386231616461396461626637656430376133396266636462623833
35613532373137396436333133326339356363303730306630333562616236383039623765653566
35326132396231333232376235366662646435336264613630653663336163343638633533393236
63336437663661353034333631336537366531663931666136376531383361303730656237616333
64396635653734363263623361303234373462353639653963343737333131626330303238633065
65353333343539663134363538386234363934323932666366383330313231663435613233663364
64393339646130326366643939636332326434323463653564626362633130616331623231643464
33333837326137373637383065386633343861306435383536633738363634636361363665663737
38613234363239636430396532393961363832373734656365396533336566373636343036383436
35373663396163376165393164343963353536643363363436653862613835616538343761623733
37303037336534623733623130363630343366306133653232313562366639306133636463613833
65333932323864333237363234323534653164313632313034326364646464386533383536383561
63616436383566646333333032643962303261653835346130363831613566363165643631643963
65373631616366353362396635326333616432303235333034383036353035383531633264623462
35626436353165336238326362336338663830613861303933346535373064646639373438393661
38393335643831613362306165393839623263663334633330633434643938366136376438373564
30343466326337643635326431663738633139343439313730613836613037383931326361613264
35333264666332343164343763336432646230313866383537316135653636646433626632383762
38643166373738636431646633326532316365333832336232306230343735613435373633363136
66653531353065323932353833313434383134346639323035336338366636323635383666303434
35363738323138346232396131323435613837376134616166656131663661323930373838623138
63333666313736326338353631616134326136613837386165636636303837643533633336373738
64613132616236636166316131313431653865343461646534346333656663343036633435356137
64336335636434653864313364653837663637353866613862666134626534366530326239333431
65353866643635656135666134376461353466376362663230313531626561363763613538336564
35653939323536373565623236656239666664636666646566356432396536666433323566623366
63646165376538653764356234326561313638316565643437306162336630356366393830356262
39653438633936623136336235386462373839623062326535643631323636653934383337626631
63303932353038633966613762623031333361303962363530336539636562646632313035646535
63323130363637633963333231623864346333323636626263353963663134333965626337333138
63613761613136346337373736643737646438343033616364666363613062393161333462626166
36376138386136633339316365626664313865343132633837646366376663313939623833333635
38626331393138363562646135323930666337623130623836326465626136616136613131393166
33643433396632376633383063366130633835383564313635653036353265316233643839313330
64383862343333653164626539633030663066633836663736363561643931363338616365366131
33373530306162633934373466373164343436383362626535323437643339373963306634346332
65636665396463656535386264653836393532643732396330353733383430626139643932313635
33636131666564303665663330666262653631663537333332363864636165333462323336383334
39643262323631323933633266306235393362333838666439613235323263353938633063363863
31396562386638343834633362663465656562383434666531636532353434616638383038626465
31626336343261393861616166346339653534313234663161343434363364333532636238653138
32653463383338373334646561353761643463383638363930313739666662613630313865633036
63333964323832313035666539383635326231636561343236343463636534633162373830316637
66613663303536333431383636383866363236326263616331666161646565336130336462363139
34663263303137386566303632326366646239643966363231613836323466353539666239333963
38626538646339396138666433623732663662353863346665303136333965323339386265393063
35623764323265303437633539666361366532376361363639363830326566653730653765656263
33663161653037336536343134343632636331323533663839363566613932613439623039376263
34616237613331363463383539663161633862316262363639623664306631663938363331623564
39343539343133363436653239623263626465356433393563653735356335633063633039653336
33343633336265346265393637303837323539343535623439633433653134313639383537303734
36306238313134386533633364396562343238616631623863303763333132636635633961616265
39393539353338313963643062363737383061613664333261366135623064333635303563356563
64626339316265623364326132346434653265333136636538326435343239653461333963643739
33313339653664393931633463353062346436383465346265383335313131333630653866363164
34366335383963616134313239323263643163393731356432626231363735393436363834646661
39393831326462393133316663363336326132623763306231376165663565356336326636643533
64366165333461613330323338623537613935653736663637373062353262366635313562396564
33646666666534623763646264333031633036316338396431653532373565343431323961666463
37303737333633303637396438326564316365303361383861396336666632613435316530646139
37363737323134323234346533393562643162653931626563623366396231393839386439303066
38353663363062316262306165303131663632343734343265643731373365383231373532623434
31656461666237636134333430656365326566616433363432643934643864393137633666643761
30306536396266326161643939393062636666636462613033653533383934343864316332623630
37333236643462353465373031623931616363396235663430386633376232653261303237613433
33363430666631663838356631656665626430613434346239333730386238613662346563646234
37626334313463316430343736646636393064626132393963613230636265373535376237353363
36613238373233303464333433666262346330663837663663373433303836376261653764333230
35306331663562323933643162313137383536376665633732663063373238623764366664373334
65326138333033613664343530623637633232333836313330663361316330376331383963653365
30623738363431323136383762363564373665653739313437333432666665303465313162626662
62353238333261383730366338623065373463376433616136306166336439623461616135616165
38626563386262346431323536323663343766346631373632353465366430363865653536306164
38303934633435373136346630323231313161346336373462306335313263356534663430623464
66643332663239363031393863613561343765643635633734626130303961363032333236653330
39376432343735616262356533313266633534326438306166376233316436666230303463353735
31613061303233386130623037623365303766373932656331623962666336336235333430336234
65663863616637316566646366373531616437393835646237386132666666646365636633663237
63616239386166333238353964336634623263663230346362333662636630623665653062623666
66383134393266336238643562633838323934333639313036653237346162623964636561656233
66393765306539326665363665303862613334323064376563663164366461323861373862353334
61366237356561643937636439373631396532373632316361666236653735663566396339333730
39343132386665666639653834336365663632353339303031333437613031636534333263623835
64336664356263323132336363353135303265616130663733333965653762376532373632376631
35633737356332363336396261616662333833626466353830363164353261653131383963386664
39366638613765616264666435326138323062646232623534373064643939613461373532353234
30636261353430666236356333616266313766323662636362303830346632333130633939616432
32666365333937633639303463333236343139646238326563643235386239326434363132396461
33346465656536396334303262383763323864393864393734653561633266363033666564346137
35313130613936333931613034316663363031626461663063396133393466336362643735613466
37343734623130323262303238666236613064646538646135383835333734656164303639633636
34643136313132343938656335393564656361343034663937663830323738316132373962363635
39666463393037346665353337653166646632303663666532663662653230636334333833646261
66363534626130636233313933303966666132663437653836386434333830343031636632623931
37313863383130363832393461643962353733383062336366656363356664633563373063373162
37633836353131623832656136343763633834613139326238636638616537633632376635313536
38656433636336323762383866353032363966383735653534393435373166343839333034653061
37626163646264663762353961316336303430623061633133656332616565303939373561666230
64343664636333633466326161303535383864633464303231316335626236653231653763346433
34313933613839383161633939363534393135643937353732646534386363313765363030393961
63313336353965306465653536663264623664326238653838346262306433623030643363656635
34666234336564633738306436376366643330393032633934373862323265353939363437613066
65336532356532656430383833393730306630343739646535346439346239643236616530663236
35666662353630303534633639326133343434656333623935326362356633343263656335303832
63323265623364306435323738623336333530313730366362636664386630336266623830343733
61626464303364313235623565326338623265643166656632663865393331366533353330303033
38636236336132373138633062326131383065343262313434373130326336333036336662383637
39663462393333656232333538396465316662333164316534353436393365363635646239626663
66323365356535323732653964333637343363393830616535646365356134396333383264666664
64376333623032633161323766623831613534393536326630303232376335323931633066643961
35343637353764613834653731383064326330663233386462653861363338646461356138363339
30326532393937666261316163656266643830653162366265343036363937373366313662663465
66376161363562323263663936383437323464326439393834323237343936343762653562386130
39356434356539613864383065633466633832306434626662383234323035333263313636613762
66366262363239613035313538653266646233623433333133613637386132346163626366666338
39643632663232336633376366613561363164356230363433373433653064613637363363613739
37393737306635316565373532303063666164653331656664383363616131643238353330386331
65646535653138323231653433376231323331633137623737363037346433373663643930366137
36623961653338633131373261326639336265303238616135323831656666306566376437316535
37303339613538343863386130383464633237343531326534613533396333663334373937323438
37616139663861316361653861646632323964346666323730663965653665356431343538356366
31623263636164393535663738313932346434356332323330323565316635323266616535653638
30393335353666346662343530663564316437643830313032313134383736613661366336366330
30363733626136353338343239333363323739376462643934653639633237336536316662353930
34366235653430393965373436316264323639326562666163343936303361356335386261303230
65383235643363633630326461323236646539333739336334393333333339613131393234353038
30396338653238373465326266396332663435636637626637383233613962383632393661316538
38383165393833396433363730393231333032383564376632363764633935653533393766623238
32393861303261623763663530343336643435346461366161636634356362623330343733356366
35323066343164336136646464346138633336383630346639393362376435303738373631396530
30366561316432373365613436333236616130393536653162363861643534643238323438373238
63633535363232313931613632336162396538343337383866643463613731613334373731333336
64386566303233343734386164363136353738386265386430663338376533336439613337303438
39373036336363316433323333633030333139346436313161363238643734626264613336646566
35646532336563633838663437326131316335643531643162363064623461326334623764316634
36653036373838363331336634383836643233316132383435653964333036636132313733653432
63373464306237323738343831323733333365323464336635353435616461366564396639323436
32613832323033366566663964356236623331623932646237343135373738333338656330366261
38646631313436306332323636366433353861633530366530623266323763326636386362656437
31393235643063393536313862363539613765656463306666306137303565623533633463363931
31666164316165643737316630616130613437356537396632616531323335396366366636356232
64353861343166663238643766636538363236393165363365646130616466363831333733393366
61396364616335633163636463303230316265336539656465386439653436366636646531613561
39363563323930653963396661313437646565613839343030656362316535303834313065383361
61346531313238326538383432643936666532663732363331353363323066626432383137353466
36393162373136366433323533373632316239373236373965633131633764313661323633333936
39666238363832303366643431613736663532613934326666656663363033663365623362636539
62326238323539313132396539386665656533373432383662613336343739383033383065346464
32383064386265393164653630366164383161643363306537616331636666396136626164613565
39363739356331633335633464343663633763643130643038306630393535326438646330343362
62663932303331393963326264356363323162386165636134336134396366323762656636326361
62383431623830646638333839313562393235616261653031656663633430326662613234303034
63303434316133316431653065376537343634393263663266396536646533663138376637666266
66666130616631363863363930303537626661626135323833633037663961626630363335373930
34303930643931313530386234363366323538363638616637656665646462383735353733363161
31666137663061366333326136303234303334363334323066636165333834356130306436663431
66303938346238323661363639373036353930353834353237626366613834336131633364393564
39343465313130303930323834343365386366313561393265656164643037643661326634386532
34656336343936366463663039366265383232633664373037343234636665636132666663613264
37663262303139323938643236396638306536653466363036356564373238646232636536333835
31663431653135616664656536336238303863373565306231353765643530626562396364343436
36333862303861323935623164636434623231383332383337636537663665303362383836366566
34333633653231363235303162656531306366623831366237326666333138376237656531623732
33326331616363653231306130646634343436653132373865636563366539663533393161346539
64636437373361393162653963623465616363613461323130613766316335393238373065353235
38353533363062333530363366316531303932386538613932376332653137376562623536396632
62616666343264303639393336393939383430663234306438626635666263656235653061623536
31396434386130343533306465636166383465333831363965393832363763393462303238336634
63343737353033646133633139633663383133626237386565396537393138393062643632383164
37316538633533393366306139636665306365623830663035646265616234663533356264616561
34643965346166376663643365386665383933646330363834613236666131383139336331346261
30376337643664353064326636656437373038343066323134383732653564363638343561636263
31623038633531353734306433323239643432653233336466656666366463396634323230646231
34613234316162383939623030366562633539386632613639393432613338313039306161313737
37663761356663333366383730626466306364383930333761313762663361626632383465386266
64376535383664393233363663636637373766363332383964643166383266653264636162386566
35363962363762653637306662363936623430363931633730646630303436366432336564333961
30623933623033353164323839656664393730353133656563336536376263663665663833363434
35366438313838383564656130343637306233326362346163333061333038623334306462336134
65323266323466393232393065306533353233343236656565373263373361303138613933646662
32343335366132626333323632303831376237303534636432623064346335366332393631316434
31333536366461643538353334383264333535396364343032313562393364346337363033616461
64343035393532316638326430366565336435306664323363626361333936393831336463656338
64633264373861636438363632343538343431363538396535313539636633353731623438353563
38366435353236616438323632646138393038383237633063636633373131313431316336376535
34386235333863366631623139643134343431346535333235353562636530326437346430376338
35323966333732316336316537373635333762316438336233316261313331653964386131393232
30643732636636313836616563353533373237663533613235353864353237643038353536663936
34363233333166636635613063613530396266393934386231383063363235613764396233613732
31363530653866323930316266303333393862323339373435663663333034373638633866336431
63623139373438333463353561373666373930356162623734396265353530323332323132663935
37653535353062636539636435623534343534393035393739393035373239336333386134623935
32366661663764643963616530353462336530303132663364653636333635333062613832653730
63623064376639353838363561393038653564323133616338316537376638393163643235633539
32636139373263333235303337363163323536303665626537343862663239376631343036616439
35333264646137323966363334326337373537633535306636333638633062306464343330303864
32353631353736393261363737353439363537383732656562383631663263383137653635333164
32353634373634363665306166333165346561396238346563383933626632613332303539393839
37353437356166373765353065373661346664666532663766376361313431316138653234656133
61393032396236323661613631663962306631653332356262343061316234663839326236623466
35653734393566353632613034366236333739373636383637343363326638383931666533653932
64343733353634313362643536383462623362616566333534393863383564646364623564616435
64366562356330666531653830643264303666326366333364346136383064383639613734386436
31643036653763343161663136626432626330303666373739363435633337613036333935376539
65633465613662313334623262306262346333393566653433663331383764376461366231356631
61356162383261646639303566656463353537336131313632326239346131393736393737353430
62343765636637383535643764313361366636366531336238306134643165356238383831323330
63373035653336313064376336396530313364353133373430666664396533383734323235316136
65363531626337316161333866363332366131653861316634656536633064333662646363623035
62396166313936383034646338636665636363353864393637343261386134613563653365313463
38353334323763626631656638313232653836643334346433653639386433613866303339343333
6337
