$ANSIBLE_VAULT;1.1;AES256
39343165366436336533626632366561653561393564383932386563333636646331646430306362
3036396362626330653265383834656437336233666330610a316331373763613163623534373635
66373838373832323637643031646532363035303765393162336462326437626338393539323766
6466383833326131660a306361623265663537633334613934373235643861326639313336636530
35373638343536616461303139663266343538663963313061313337346333653334303933643030
37373939616662333039306131373966613961396237373631333737373165636461666436386164
63656361623938316432656563353132343164336631326132633939363336306530616334613762
33623638366665303365643237623533653438316465386562303136656665383737356530333261
61653166643932353562366165666233633537353162383564663132383164656165366139656334
36333061383231323337393562363562643765633532363937333535373839663865356431633331
63613264323934316566353130393432623035633864376335313330356166336163366563633164
33666464356161343038393938356565366463373134663638656263346161393039633930306637
34663134393536373230323934653233313233326430383836343739343732323161663334303130
38323533666331373933643561383836313635303233623864323534396662656663306461386335
64343935353331303062636361623535326637363266383363373432626661343032353261396563
61323739663131316135366661323831653066376639363838626439623532663430386462316262
35613130643166346661313336623738363763313161383638666637646335666636353863396431
64333864643866333535626437323861333133663033343031363036326439626161386665666637
36333934323231653730636162333233326332316631643839376534383061303637626364373135
66366134393836353666636364643137393765623637353431333966363234663336376461363664
37333735333334343837623335353130333861343039376336646132343837343562323366646636
35336535643265633033363436653063366138626465653363653333336431363537383363393465
31646332333031396134656262643239613932383261323631353834373933653537643165326338
37353130663935663738616236663139343732376264353665613765313230626661613737393637
38633934363132313836646637366330663836333738356131386665303666373137663936356439
30376139303265616530623562613465663761316631646161623261653965623965613165646436
31623839316135616138343235396336336562366234376666383131313637353236663435356666
36323737386333306233383430343465366433333232393733663730633563323066323235636138
36396236326538316532636133663432363763316262363832316432373834373933356337366336
39303163356161363431323963653432393464356462363933316539393435353834313132393330
61623631386432383564346638363566346132383733646262326665326135656339363361623234
33633166326562313565316637383964616239643232303034643230393635313361653235623933
35363932316666613061356133643664633862363165303330393537363464316330663765613763
64656162356665633837346139333936643864316433626262643134333734643736303732323866
32663637303638663635333631646435633937356334393336613136366336646435653763666363
31366438316563623564343934323063323236373665366333393963653563616365666332343339
35316461356462333266346234613238343738666230623061663661373934306233313134333261
62623164353263633139663037656438353366633731366437323535663136336564303637343235
39623939353661313030396234623737613234386333366634663063393833323739323633373761
38356337383765656362333339363434326266363166653337633237373565633362643762313765
34323632373035353332343166613731363130363639316236636162643635303565323866656561
65356538356637613830373434323634636538363166323132663161306236323130373732313334
34363061323862363530373063373438323437373834323230653333386663346463356264363030
31363333353937343231303562323565323532336633333834303837623338323733393030363038
34303433323932623536326362333033653331613631643761383066653739393533323838363332
32336637336363626365343365643138633136663835386432323164366236663362333563383831
32643537613066656162643361626332303164303637356433666138626163613737303738626633
37663836643765386263353932316533333364343937373530366430393531366231313532666662
36363737346664653130323839363632393837633430356135363964656230636366653265336238
64323365653435663136656331663232353664386661646163373130613165396162613464326630
32653534346234643033336365326334343530616665643562646162393164343738306563613532
34393138383734643333613336326662383261376632306637343235376564613763386263373063
32376664323765643137623036636130333063396364346634373731363034623035363263343562
31346163383538353663623138333163323961373166626535363630633831383039323366633232
37653832323536396132613738646439316161653762663735613939666664616136663963663135
35393137303564333532323133396536346334303764316131333863366136306634333832373031
31353534623566343535653932353030336634616261656665613531633264383433653937313135
66393833623039343765383832333839303063633130346137663037343766373236646164613637
66346230333136323136326534623535663537303761363963663732643566363935613031653738
30616531623335646363333837346231633138363963633463356537656432373532656237343731
36643966383061653933366266363162346437326365613661343162356266303962646630383334
65343436613562323962353666653932353830613865303032653261666635376337313863383134
65303339383066343664653030653839633637303733363339313066346130623539663730666232
61376266316534646239613962653937326235653032376166383039616462383035373462343365
38666462383535313865336639343764313530383763616662393931326533333639376166343434
62643562366130666137333864386534396134653435646639666435396365663939346235663063
66386462353262643466346637383561333461346235633836326335376636363163363466336430
34646535366637663032386536633535343538323765666136346538376261383562663337663736
36633261663664336339616364326431346266626465633764383537363639373332336535653230
33653539306533383430303639613839363465363234386432666331363333323365376165376234
61653339623236623130666130353838666630356531376130306430366662623561306162663437
31653066613662313338616139343032656231383437623537323639393634313563633434356335
38613262303230643436393333333637343566663939396162373138396465383836333265346430
65356162653237326639353139323564373038356631383630646235633365353666316364383535
35323332643735316165623736363533323530613732356564376666343562356361363837623166
36373936663231616338376237613964383730396464303233616638393462373534313135373864
38383661393736346163626432393461656630316666363234363736363333616561306136383035
34383234373230343263633765383532353164346466336430333331636134373139616362616262
63613736633662323537303961323531343662353262346339636332663962616233646464333239
36636365363636643466303966303362613638373034396565626661663962353961363562373734
33643635656263626330333164353663333335356232626639376635653062313832623263353538
38653638656465393434353132613130396364653333376661386662343531383737333033356563
36616161343733333966656333376537383839323430666131396333663033373335623433613035
37656137363334653137383161383931653561613063353763656139653562396366323661376532
35623864626637326662323530616637343938353331393138643030353964303538623837623761
32316165323536313935363639623835346631636461623964386435333338323064386236366638
34663738313338376438386433346465633338346166383365363262326232383266646162363766
31623832353861663738303964613935346438376131643939616465353438636334373238363437
32346637656531343466376630323663323839653363353634613032643464623036383833656139
36636262666136656532343361373066653765346435653834353966303665373137336362393762
39393163366464313635353933326132656136333766303230333734656238393339643763343534
62666131356138303262393730346134653435643961653863386237346431326237366237356331
30303335333037343261306263633637643131333839633735646364653537633162336636343065
64623534393730353033396139323266393835626139646233373138656164316530363938323762
64323534393539363037346331303965623066663131323337663339353230313664333466623434
36343266393336333437363237386439613062353261626232373433303734616137386234643635
61303130633834373932336337643062666232356563613332363339626635303434313134613939
62373136373261386261383064613733383161633835353764366632653535323338626365313139
34323964383138386134383863306639663561306137326364323061663563333733383331303361
37356430363235386462316432386561333263303932323131326138373661643732663565646632
62653466343937646331333061396134653732333565623338353863383262326335346631383366
32346531376337633937623938623735343437666531336630316466363165623664353232666365
32633132663430306431656261343066373639393630383066616630346434363664353332383235
35336362336263343530353565396432323131376662636531663162323736303330616466656235
62363031373564323765613434376438633637326135383763613331323962393535386333633566
36346333303732336638383331626330366362343330316565666439626163333838343761386263
34366238633463366233303662343933653862633237653837616161663665356464393061643137
37316432656230636639356538353833356337303132613537383064373862396165363637323531
66643830633035353733656432653437346531343465353736653438356234343436643762343966
61353033346238313231633266386538383131663966343362623334636162336437323030656538
66323961376162646230666635313433373737326239366139343564303535613739386537353534
65316332396230633061643566643866666530343233616334656162316332663261376564396634
37363664373833646263343261326538363563636235613661653465363430373163383231336638
36386234346138363330636236336337626664376664353362333834613463663161393165633366
31636462653036343138306264373133353532353934313134343065613434306234303966323034
37616630353930393165663236383631323661386164643832336563356334363838383333376265
38316435333839393231663335353636303830393730316430626437343464646566373036356638
38653165343063643534636633623635653835613434626635666631393264363964396336303265
32333635326438666333613036366539666465656235376561396537336636303336326132366435
39356636626661386438643565336431336334616336643563316436646466626638333035393738
32636266623838373734383434313866303333646165623561623132653236393130653463663364
66666535643165323964623537663437383862656337366337326662363330656535393766623133
37303838303238303434356666326331393765393933313762386561303231353631373661383361
62386639393162613830643764636232333930613436353964363233663432643034316137303731
33313936643330353331653036623932666361363036356535616561373236353734616462343231
31303465396438326464653463373465383732663737376666653237316261616236373061613135
65666539386433636563303932366333313032653232623834353232346662373531666366396337
61366433313065333332623535303065336632316566623935313637316262666461653761383463
30653834383136333665373465333832663565306663303936643164306263613364316462336134
32386262653634346261333137656361306530393165383366386363353035303433363137326562
30336465396538353933663434393437653633623438623536333363336437336131393766386236
64353766626639306538343033363064393334663135633866616131663532313735323961616432
63353439653239613963646563333139383662376266383633383166303766616362386131353035
63653835396433663234333336316563336237656462306238616164646561313664396133633335
34613235613134386132336137313936666135356361333761373263373937323363383163303138
36393434333964333963343333343631663535336536393934666337306437333161343535353761
63633036613565323434646632633239366331393234343365396638666463323666343737323034
30353765613930333237643530393132336432363562373563313735643165303365613639616363
35613834303833646265653461656234346261363261633239386537343965656633303534313130
66303939653335353536626533636539646434333435326162643936626263656134313130613031
30646264393234393837383362666530376636383734626633376439343837623366663064306631
39316336303866636363633039316338613636303738656363633133333534363338336631356433
38316137623465343765393337663830363631323963326364393632323634666566336638653061
33363463343337353733353730313230313732623136623364313338633666386133656138373662
30393231393861363931343937326433396430363433636434383739626364343164636630666135
35336565313237393761363735326134656131353631326336663966313734323165633334646334
61393034353466393362396564656563653739313538363239363062313731636636653230363566
32306663666437386639626366336366633138383866636539366530623862666366313534336330
31303135653938343534393937383534383633303532353063386335626264383565663531633536
30313337663236663164633536376138616239666161336337346161353434633863613439313433
39393666323739393663373934373261633735656133613463356537346333353433643630663533
63373036373161343732646238326232316635383161376239396136626165666132383662393039
37613466626633653836613639333038616661363038333763616431383832373265616134656432
35613265346465373463663436373164333763396236313766316234643062326465333063623161
65653161333336356632303133653165646333623139663733336237366366333561623034303732
39323063356437333237363565343163626639313961633861626266393233343332633763633535
38313937373337326264666463366536356435383065333764643833303232623030326562386466
64383764333436393132386563366131383733653733613534346436616131326462373332613631
64336630656538646536343462393337623864363161643831363762343563626636343030346565
33663930613539663063396363663434663461393466613333373939643662636363336161653330
33376361383861653138386331626561653038303337396139383333613164643730383364323835
37343363646263363364663730353534393466333137633038396534613165326430643638646365
66623936346537303434633637336534633163333633323230343131323635646561633734343130
31393838646233373164613930313666323066366537666561666263356662353364313132346164
64633335633433653064323762363137643330333531396131313237633730326533306131376537
30396664366464363237383462646539663732333531383965656265663063633432666336396634
61616362363731613539343937333863396230393336376630366164613762303639393661343430
62663662633566616536333332353432333865366365613334363839333561356338356165633966
35626438326536646438316235313831353330356664613166613933633735623934393935663164
32373437313263303933343763646330313930313334363532383264363733613035373935323864
34393330376430396161613534653038626463316437646630323131656534613762373633653338
36323062363662666437363866636261313238353639356366313830633135333063356138633932
64663330386434613530343165373630363535306237663037353661326233393536646137366135
36323539336439353239393435316638346434653965323039343035366465313363346535663166
30646337623632363262663063383530313065393631396638663534643833323464356437356364
38613865343663353133333332656633633639656130633632346230616138396264306137633038
35393930666535643538376531623964346633613736343835663238643832663366303139636365
32643934316366306163663562373964666239353330646134616563663366313564336633656561
64343565346330333635363430316432646264393439353030393336333837656464336466303263
35303636333931396339353032306235626630636435373938616335303631333665373037333038
31353261643739623432653030626437336130323739653261653362646238386563616537646666
64383833616539306565623539373365633561333532356132663266333665373435393963623735
35316137393965356431653039623537306363656532363839373161343839323364643263666436
34343337656663346265643265376537323264326266336663623064326264313434393236646135
34646464336432616436353365633131346434346437343934383962623565363162363032643062
39323063333436336166396636623135613730613133616332316565343238316330393964353938
31326632366162336238373832366562633932386537373332386639643965666334366337396662
35636434326437353334663931383437633533646661393534306330363866383031373638646136
64663062346435396536363935353264653061383461666634366138383562316135383937376433
35396437623534323535353566383932353365623631356134616236353431323532656532636563
66366266393832383636616331636131333432376634363962663330376639373733356634303464
33373964313134633763316630646236363264383937613738666163333532316362356366306137
63353136373866616164316132643962656566353532653536396266616362303738383830323930
61623036343739633336326239666262656530386532396236616532313261363231336262653231
30373665623530623139333632623063383862616333326437646238353336656661396661366438
39656531323134393531356339386333323134643633663165333133623534313239373734333262
36356431336236353236363861626233663730383662386537333863366432303938313235303663
62636135326532663033633666353431613638313066313436666237633133616531356561326539
30663538663638336136363164636632656232396534393434626131363039393633306236616361
30636662383565383436613333613037376261303739636531356530633834343239616561633534
38373931343631633166333763326230313233313663376337346466626435373936326236333662
63383566613539306263346465303733383336313633396135613765646438343064316232613233
66393263306536396237383439623931653261653433383436393161663231616139663565303862
62343036663838366439616635336438616137326230353635313134363132326336666632316366
62666631643932366265333066306134666133333730376666643932383637343230383337613032
63336530303662333536306337313039363565613534383133636462396534373532303231656466
39346363373339316432376136623035306236663436333438373335373538643032356435386264
31653564643063356164636535306566626337633335656630643766636637633437656537623139
35323431336239613931636236326361306465373735633136663236343839333531323162613662
31623035386530383130323231363362663939623738363039316230666566646461646664643532
63666265303061393533386636663934383438613164656237376462636630653636333730383665
61616632323034323737343930666538623964326661333038643730653239323639666538393237
31333135366234383736633632613866666634653434323032626437346231646231666534653331
62643339373864363761616335313964643461633162343831376233356132323731396436316161
35613238656563633963396331656538396561363066363965646333303165393939313666396166
63336435666161643636303561376163646539643263623633646338393138396533326635356635
35613663613166633836336230613464326436303766653334653436666132363134373434633037
63333732643230303436633564653632326663343332366265356233643435333336656664373532
30353236346232613735353538383032363464306438643739666237633661623239626265333463
32636665336334623435626666383662373935376264376463653166666537396564393334653232
39393936373232346265373138356338363763666531393938356530633562386333613262303063
30326161656364363030633130666433366165326566653234626335336135666430646132316239
66346261383036613763636137353639353433613933313536303861383137343064313331363233
35333839306330666138346661396230666632343238306534646166336231623534613437333533
33643265633439633839356563643063383239613031346533613264336432383535333565313664
36663162353963373030366434363932326366633633646465633865336333333839346561306165
32643137323063613135656636636230333332313066616161303434393635626636616664663563
63613539396138663466313065656261373366323833383234663132326661353263313266613237
37366634636662643938646366613234373438383136663538393662623961373731623262633465
31643530356664646564663638353137303466643662653734393539366134386636343465613262
30623833636633643230656139613861363736626261306263366231393537663933666134653338
31306337643061323030653462383638636233666333613835383430386133653835356366363661
64323333663130343238643831356334303461646536353734346639623630616635363265373430
61363561346336646163663938376130333338623564643464316466343735353932313735386165
30653136373031353662303034333661633164653236303136336530313234333339356463633165
61663234366339333830663332393630653532613265383439666364356430393865333763396535
63366465396330663635633833323632323061363237626333326663663237373566363466333334
61616264343039346631353136363936613432383237366133363739626562366561663133393762
63383536616133633437343030636534343934663962333632636134623635323061613132326633
61636636623833636435613738613130363964646337333561623966396564613638383231653332
64343464623262383631383036663663356364396562323438316663633934336436343336346336
32373635363135313165643965306131343132363965663334616637643133363437333338366132
62343131653861333263333639373263666335363066346633303833613036366233613762626337
31356462373563383466353363326265633064636166376537613934393731663739323439303666
30383133393561363930653231393562313366663261636539376532393964656430346464366130
34393039333438316363323863313236353632356632316536363165646131396235666237383833
37383235633934313537653861653966363934623562366236653664393539646538393232303463
62336632366338613730663936396565333236393138313738393863346630373564383064643762
34646462363961333064353434343535393737303932653739383830616333353664313231613661
63373537303331633363343031616133353132376135396134663834626664643530363964323237
31383031313466363639313730353330303763636566383831323031633030333833653731313361
65343434323966663961653065396335383763373761366631616633383838326138323863363936
36313731363663333832316363336431623835653536643466633135363661646436323165333464
31386466363266346334343232623836656138643864646538613032376239326639613730633064
65613433613962633630623264303136653562646664366138396565393966396438353138363330
33626631393237333531623635353663366265343633396261636239616436383134363937643439
35313830323936633431303635636333623634313439373331306536306166326232363764666436
61643334383436323337373332393535376230383638613036616361666331636132616363383333
36626232633238373466316364313566326131663935396361336366383031323935613865663239
36396664666638376561366162666136366637353461333866666632313563653933616433656133
32393530373634656363643230306564666235646461646261333536343563646635373163303761
39653039346662363831346561636666613066353862646336323638396534646333313638363936
62306362343238313237306635633134393331613738396335353262633062326262393831333039
37383161616265313733306331653337393637363235613433313665653364396336646335613835
35633632383833343565616432326464323639653133366137376333643165393630366534353635
39633162356266636339643032303235366539373361623863633337393334343135666663333839
64373433663062353564383631336438616262616530666538333031393335616436623734666239
39333632393566653965333632663530336261343537333433366530323735313131376237653139
34643034326435313530623866383730346565636335616334333734316134633933346366366531
38363765346331666238353833346639373135613765633266326164656463363964633264326264
64313734313533646661626666326564366531346535343431646464646439303532343061353161
30623435633334303431323234393865393935333836346431326635306132343062663361323562
38306131623932333366343135323763353935386337383538633035366463633432313963663331
61323434323665656263616162643830363135396535313962623464303763366663613337303031
39656639663865383566653965633865633535306666656233623132326234326461663466323731
36303462363361363338656134653938383431616239393537343463636638353633386431396430
34303835636239336563323130636339373033386534643539343138643863346633616361613263
62666132663237336433343764383465363561353335613434333032363037313737363462316532
62623066353663336362373865393239326466346234633336303064326431336564616436366564
38343962666634393232393436663766343534323931313131353532306134303935356164393331
30663964343938336431386164316235393237386637383063633336663634376563313632326563
39336465343166383839376338396536633337313732396232303663633662313939373037346631
61383231343064303139306162353334343137613763303539346165396363343961646438373462
37613638303930306562656131636362313264663463626631353635366636393964636432303466
35343037386536346637653962363734653261376130303162343034383035396239353366306666
65313862393366626630626536326631316436643435633037633539313938636139373762303366
63646165366562643266363665373661356437613664333230663661303730336230383936313436
65623732643561393433333063363338323436646535393730393766613762623466343464306435
35303433363561316131343465373562623235643330363538386531663336346365306539653631
30313263386638393837313666303461356364343462616363383861316162353638623037646464
39326361613532343537636166346562613165303631346639373236316636633433393231623235
62333066363637336537666266303836353833313165313166366163633363363933663762306661
64666638333533353431633333313462353661626139623838323335353033656561653532343733
64666235316435653937633162323438386264663236343632616664386536663834633762616662
63346464363130663566336334366135336137616562376136343332336631633261393631306464
34613937306365653233323833623932393137616235353931376264333334616561353738613265
65333038376464663366303034646138393137363361383136326363356230343838396263666139
63336334353133626130653336636336656533653464663434633831353566396339363663623365
64366262626165353063626631363739313565656430643662316538623939323233373235656338
39326538303865666539316665326337373034623964333339623262313863643938633436383938
35393532396466353966373562643936656131656166346433396137383339386237323737616432
62366363623764633537636233326665656332393130323330373337366232346666356236646263
63326335363736353932653331303933306631643035633733346332383135633265303633623035
61366135386633376136366465346663386536373032396133306130333561373865383937393134
31616662663766386431346166363665373335306338343262353332643164613839653762376166
63646134373033373932333335663230336138626330323166323832356636366564663737373530
63323332643533643232643063376234383139303735303633343966396233303162333730666663
32616566626438613035663064356132646637393332396537653934383136633766336139323362
62636535666465343637636663376565303637313837346230376363383039383138366161343138
66663135366131666234636365393038653764613065316135623238383961373364353361393764
32343430396437333463323534303237343165316363303461346464613461363139616235306332
37333033363663376362366630353537646230643831386631373237393961643361316461393561
30623932373136356462303433326636646662623864613335313931656234653564613332313061
64636262373935383364333134366462626466373939663832633034376131336264323461343665
33636230316137613237613830343538626362316636616263373563643732633665633137366538
34646634353964663738326635393731353635643066336238643734636538343766656331386633
63376435343439386632646633383234393433323033336564633965396232316336636163376662
34653130343231306261323638356662323766653331343366303237363464343831623134336336
39666663383537316333323963366134643633373036663833343431626534393535333461343333
37373639306438636666303766396336343464383061633530643035336666336263323835646562
32323832386164323562323432303966616136666232373836373537393039633534396137333762
63373133316562636137313665343361663432613461373937353463353538626334383031666239
61343639383732656162323365353137343730353536376239633237653364303032616230306463
66393130336230663531
